id,EAP,HPL,MWS
id02310,0.0415034495458,0.00705363148658,0.951442918968
id24541,0.939718740659,0.0491032830122,0.0111779763288
id00134,0.0429185633425,0.937433709195,0.0196477274624
id27757,0.379666630786,0.607856759162,0.012476610052
id04081,0.683123376776,0.261402144912,0.0554744783114
id27337,0.967104301725,0.0318109006026,0.00108479767276
id24265,0.937366562358,0.0346589305398,0.0279745071019
id25917,0.0249842486122,0.0232650552638,0.951750696124
id04951,0.967922961288,0.0299299728939,0.00214706581818
id14549,0.917276981091,0.0340932876818,0.048629731227
id22505,0.0503784957234,0.0145590649733,0.935062439303
id24002,0.0112073802419,0.978287487195,0.0105051325632
id18982,0.217547800265,0.450520304716,0.331931895019
id15181,0.028128503636,0.969936458349,0.00193503801455
id21888,0.796215232545,0.0411262297452,0.162658537709
id12035,0.00203568241025,0.000165412969906,0.99779890462
id17991,0.0707350806958,0.00711568109536,0.922149238209
id10707,0.99938377551,0.00011846693602,0.0004977575544
id07101,0.406881310148,0.131774176534,0.461344513318
id00345,0.516123596683,0.465516877288,0.0183595260283
id05912,0.910940358455,0.0352205682074,0.0538390733375
id13443,0.959821498222,0.0210932303921,0.019085271386
id09248,0.180407384666,0.073585950338,0.746006664996
id17542,0.00294572682702,0.973500376836,0.0235538963368
id06995,0.094948024769,0.00683903031985,0.898212944911
id25159,0.558473903301,0.0802897517887,0.36123634491
id25729,0.468440021071,0.471633105324,0.0599268736054
id26949,0.945113710052,0.0468819095707,0.00800438037729
id27191,0.06445661764,0.00412235864476,0.931421023715
id07668,0.19247448113,0.00310872882585,0.804416790044
id02230,0.0242092781517,0.222000169018,0.75379055283
id15553,0.997045943937,0.000868230046612,0.0020858260168
id25688,0.00565067089019,0.984154311625,0.0101950174845
id17545,0.99259526488,0.00297178312114,0.00443295199857
id13929,0.244850275807,0.318912961291,0.436236762902
id12880,0.487827807707,0.313246839483,0.19892535281
id19282,0.516217980521,0.279902410621,0.203879608858
id14690,0.000750589656203,0.000308780905868,0.998940629438
id17975,0.0897175773225,0.837400353296,0.0728820693816
id08037,0.991045565505,0.00271409626131,0.00624033823357
id15412,0.193984334678,0.012127897095,0.793887768227
id25032,0.614613129188,0.0889756628321,0.296411207979
id27165,0.997184988673,0.00120557022601,0.00160944110149
id03327,0.676053208692,0.101974363737,0.22197242757
id18515,0.813508675217,0.144817746566,0.0416735782177
id21003,0.0982729979727,0.041425892728,0.860301109299
id23855,0.00664970473448,0.788661068726,0.204689226539
id20724,0.920426234791,0.0699360957499,0.00963766945932
id13303,0.287247041962,0.180999872317,0.531753085721
id16521,0.014947875496,0.746215718071,0.238836406433
id20775,0.995165706562,0.00287543319776,0.00195886024033
id13029,0.975698025897,0.00814576995302,0.0161562041502
id14660,0.55946531727,0.394372965598,0.0461617171314
id11028,0.0173112389784,0.000590290468049,0.982098470554
id14180,0.820159250511,0.154142603968,0.0256981455218
id25860,0.991370155115,0.0011998150953,0.0074300297898
id11910,0.336305359658,0.0134144791702,0.650280161172
id08065,0.0638126541898,0.020724801748,0.915462544062
id22674,0.0623940252228,0.00634611337273,0.931259861404
id25018,0.367399539871,0.0114935800507,0.621106880078
id10892,0.0218514620713,0.965931812954,0.0122167249751
id10217,0.72161807296,0.265358255184,0.013023671857
id12996,0.116352217543,0.120788149837,0.76285963262
id18262,0.547041788611,0.196337226825,0.256620984564
id08606,0.0183561126068,0.974368895709,0.00727499168411
id17233,0.892892080445,0.0552106908179,0.0518972287367
id00101,0.542151568344,0.42586423044,0.0319842012156
id12225,0.949475751805,0.0396664669063,0.0108577812883
id01364,0.0140541143225,0.980018760053,0.00592712562408
id24973,0.827291581488,0.00481768793665,0.167890730576
id25363,0.538784195383,0.0104324715393,0.450783333077
id10061,0.486516973441,0.0323793357713,0.481103690787
id17673,0.354025860034,0.616791113326,0.0291830266398
id13249,0.242708901419,0.277869642848,0.479421455733
id10107,0.0831780537543,0.0126158207822,0.904206125463
id04403,0.949688716992,0.00193260507384,0.0483786779338
id25728,0.772238777362,0.0284841472654,0.199277075373
id16184,0.094921087525,0.0254680603358,0.879610852139
id03438,0.0240514395398,0.00269841771415,0.973250142746
id22923,0.0270181983276,0.970661488715,0.00232031295764
id08610,0.998769230303,0.000629545837375,0.000601223859638
id25355,0.015972608914,0.0117903622037,0.972237028882
id16916,0.525701176922,0.405380964143,0.0689178589348
id12793,0.0543313929896,0.903985662501,0.0416829445097
id11859,0.390076723866,0.0322296237942,0.577693652339
id02434,0.999548004682,8.78074268526e-05,0.000364187891578
id27703,0.00235573560127,0.000166750966284,0.997477513432
id25212,0.296320952646,0.618739266669,0.0849397806858
id11308,0.0500221492672,0.0303080273891,0.919669823344
id26094,0.988696488118,0.0071554955466,0.0041480163357
id22080,0.784652224345,0.206786366599,0.00856140905652
id03545,0.994556838878,0.00507369831714,0.000369462805111
id23725,0.0101738367593,0.000839231190868,0.98898693205
id12009,0.59612544428,0.267541777656,0.136332778064
id24241,0.0620511804366,0.461770594169,0.476178225395
id03596,0.0108873070945,0.98570365314,0.00340903976594
id10749,0.261109879434,0.701949659033,0.0369404615324
id22794,0.0147278523629,0.0038148648821,0.981457282755
id15482,0.455054276152,0.433973868389,0.110971855459
id04833,0.891471836758,0.0973095645172,0.0112185987249
id00397,0.0366541031432,0.0010645504564,0.9622813464
id14691,0.0576744474689,0.0468292922047,0.895496260326
id05193,0.223130345452,0.0215981206777,0.75527153387
id19541,0.895338942395,0.0285243880842,0.0761366695204
id22166,0.00690150679273,0.00368431046456,0.989414182743
id20744,0.00896644849086,0.000364780268608,0.990668771241
id10392,0.00573589794229,0.0119168759755,0.982347226082
id00770,0.921958834853,0.0600645109982,0.0179766541484
id06018,0.590468112073,0.391288817165,0.018243070762
id15678,0.565909340526,0.0413945375002,0.392696121974
id08305,0.928864058161,0.055979220765,0.0151567210742
id08903,0.215396087092,0.0129929064169,0.771611006492
id14752,0.294559684735,0.681137903003,0.0243024122621
id12468,0.167164156402,0.818893047899,0.0139427956986
id05085,0.69316687724,0.276296092243,0.0305370305166
id21993,0.254292132389,0.0419241901345,0.703783677476
id15503,0.824158738533,0.150882672223,0.0249585892432
id03021,0.00893466354579,0.98009339228,0.0109719441741
id16123,0.998703155101,0.00112618742699,0.000170657472204
id19383,0.907759675646,0.0455577992525,0.0466825251012
id04186,0.991100865877,0.000266486769819,0.00863264735349
id17954,0.0310157609585,0.00132025595108,0.96766398309
id12030,0.193420258095,0.00945283491998,0.797126906985
id13020,0.951475714232,0.0296555369596,0.018868748808
id25327,0.0107458115592,0.901982920172,0.0872712682688
id16344,0.372580846499,0.124797508652,0.502621644849
id12303,0.138539691456,0.849571397768,0.0118889107766
id15017,0.972071755698,0.0219104248611,0.00601781944119
id22308,0.239997177215,0.0441137982801,0.715889024505
id06536,0.0148638187656,0.0365761364186,0.948560044816
id19797,0.113701080975,0.868825726274,0.0174731927509
id06332,0.399614772916,0.467020697,0.133364530084
id22941,0.0580275259207,0.0785374674189,0.86343500666
id13547,0.019353211624,0.0265062318149,0.954140556561
id06928,0.00458172468143,0.000827076589511,0.994591198729
id12521,0.709731762596,0.243928689613,0.0463395477905
id25716,0.851881407557,0.00874584913637,0.139372743307
id27116,0.00150425822246,4.53276549185e-05,0.998450414123
id19941,0.0735210768582,0.746300959615,0.180177963527
id05711,0.000566376980556,0.000181811852439,0.999251811167
id02097,0.015057171112,0.0232174480007,0.961725380887
id03563,0.0360733864685,0.959286805123,0.00463980840825
id02295,0.22610041713,0.668627463479,0.105272119391
id08179,0.998704970696,0.00050856441791,0.000786464885972
id05332,0.0420313144276,0.763313807912,0.19465487766
id15697,0.614690511688,0.071387090013,0.313922398299
id17026,0.0708921969399,0.0132701064166,0.915837696643
id04243,0.946037519102,0.0300608548366,0.0239016260615
id13175,0.999757573305,0.000174831660274,6.75950346186e-05
id05387,0.849364322006,0.0354960919183,0.115139586076
id19989,0.761363262697,0.145054950128,0.0935817871749
id25173,0.326612038587,0.00853451369218,0.664853447721
id08925,0.00305889941763,0.995763568667,0.00117753191579
id03034,0.0127722481516,0.8817977215,0.105430030348
id13272,0.00688022555105,0.971855312039,0.0212644624097
id07956,0.953245489686,0.00285422928009,0.0439002810342
id02648,0.00802262746577,0.00362222149751,0.988355151037
id01778,0.093104157831,0.0138804090001,0.893015433169
id12846,0.00582922402255,0.000182562120845,0.993988213857
id19001,0.141291225632,0.0837723929218,0.774936381446
id05763,0.635578046677,0.101258667012,0.263163286311
id15590,0.00151082209276,7.44023998269e-05,0.998414775507
id04912,0.675691409911,0.0921925015654,0.232116088523
id21201,0.709676387462,0.201349921797,0.0889736907405
id13215,0.937861806786,0.00373359378222,0.0584045994315
id15612,0.226592613435,0.723820576338,0.049586810227
id18501,0.134017865053,0.110199431376,0.75578270357
id07223,0.577314248236,0.376454217702,0.0462315340622
id06707,0.554810003472,0.230961755113,0.214228241415
id05238,0.0014438940751,0.998188842935,0.000367262990097
id00935,0.0157516470279,0.134868924626,0.849379428346
id00110,0.806270756586,0.00831445684703,0.185414786567
id17476,0.866684767659,0.111166763312,0.0221484690287
id15170,0.998036722483,0.00161070688403,0.000352570632561
id13397,0.217861345649,0.177226460377,0.604912193974
id24283,0.847454951757,0.103843172061,0.048701876182
id15234,0.901722966195,0.0932051733993,0.00507186040573
id16884,0.451718500176,0.402234604335,0.146046895489
id07831,0.735891238282,0.183028832087,0.0810799296308
id16038,0.778618063897,0.201593989061,0.0197879470424
id03629,0.896322126305,0.0262702224563,0.0774076512389
id21019,0.685073743435,0.271015922922,0.0439103336438
id21835,0.529068374343,0.138187289091,0.332744336565
id04480,0.235321260088,0.762336823051,0.00234191686103
id20838,0.757603317682,0.180157764846,0.0622389174728
id24195,0.532226629489,0.216817949948,0.250955420563
id05448,0.831885026193,0.101747701546,0.0663672722608
id15957,0.114679404796,0.876995021142,0.00832557406204
id19956,0.000467764889359,4.21395747591e-05,0.999490095536
id15104,0.0320713271784,0.0152596973012,0.95266897552
id17559,0.612543711729,0.250490433821,0.136965854451
id16839,0.402137217544,0.188487592535,0.40937518992
id14493,0.815859600219,0.0538821447687,0.130258255012
id08833,0.722184069012,0.0275882333282,0.25022769766
id15723,0.199134843184,0.00927054067114,0.791594616145
id02716,0.964735178674,0.0179820587241,0.0172827626015
id06689,0.0635986384881,0.891357005133,0.0450443563789
id18837,0.522182902156,0.12333510772,0.354481990123
id04466,0.861886629206,0.0792321341514,0.0588812366429
id00686,0.809671832527,0.0568754922863,0.133452675187
id09010,0.145984984638,0.846440917147,0.00757409821523
id23353,0.928544279883,0.0114598974834,0.059995822634
id00066,0.719575256327,0.259068017895,0.0213567257782
id15724,0.0819145189553,0.881054463751,0.0370310172942
id23486,0.0873775232099,0.0151033880501,0.89751908874
id22258,0.00331792177549,0.00555481860605,0.991127259618
id02292,0.893371836534,0.0461478181504,0.0604803453159
id16356,0.381441869433,0.021008678852,0.597549451715
id00235,0.896697158624,0.00215655726704,0.101146284109
id25522,0.0801755054349,0.00739482090876,0.912429673656
id04204,0.143420417105,0.835168742087,0.021410840808
id22016,0.894353591177,0.0373216907733,0.0683247180492
id06480,0.145995849419,0.723826739009,0.130177411572
id08718,0.131597730129,0.00367288473119,0.86472938514
id05251,0.000472151042179,0.998733963478,0.000793885479861
id03359,0.89605019238,0.0573812274877,0.0465685801323
id16117,0.0726589113944,0.00119146889255,0.926149619713
id17000,0.0013581815448,0.997548955856,0.00109286259889
id01730,0.0262128260154,0.967642911126,0.0061442628587
id00630,0.755946060829,0.209532512292,0.0345214268791
id18175,0.103657094923,0.00208761670736,0.894255288369
id00907,0.946327906535,0.0240523044472,0.0296197890176
id18251,0.0763694639571,0.917674919261,0.00595561678141
id25861,0.43197165226,0.383769873674,0.184258474065
id00398,0.887654901873,0.054275668442,0.0580694296853
id27573,0.99179672816,0.00123903765653,0.00696423418388
id10022,0.0635949564716,0.641248927932,0.295156115597
id15901,0.109638789158,0.00191873964394,0.888442471198
id00451,0.0530952201305,0.032898209978,0.914006569892
id23129,0.0330843391251,0.9626188164,0.00429684447482
id26498,0.441749239408,0.474066606845,0.0841841537469
id14741,0.269896273578,0.52027297886,0.209830747561
id18453,0.204844116874,0.0436503218744,0.751505561251
id08309,0.857390871422,0.119282551759,0.0233265768186
id00320,0.998644144123,0.000156690116702,0.00119916576048
id07688,0.289421822427,0.130375742523,0.580202435049
id01556,0.0160740670236,0.00401100933085,0.979914923646
id00178,0.525778393143,0.0560269111601,0.418194695697
id18902,0.021557197817,0.0288038828863,0.949638919297
id27002,0.252924192623,0.731145503295,0.0159303040824
id21418,0.999561851382,0.000379769415117,5.83792026363e-05
id23018,0.0139484909869,0.0343443216789,0.951707187334
id07032,0.351903393964,0.0304275202951,0.617669085741
id16195,0.539807932711,0.131706395355,0.328485671934
id11202,0.0631364196402,0.926618416242,0.0102451641178
id09578,0.7612391076,0.0445165543384,0.194244338061
id26984,0.901485359017,0.00314657449944,0.0953680664832
id19856,0.048926533441,0.947182984173,0.00389048238567
id12086,0.165230809074,0.0562014288878,0.778567762038
id12052,0.0344603818567,0.00429296077685,0.961246657366
id17728,0.0151704083942,0.0150345370902,0.969795054516
id24608,0.63641557058,0.0211457721472,0.342438657273
id21097,0.0924006064781,0.0347018895917,0.87289750393
id20179,0.00217406746637,0.000247391535065,0.997578540999
id15144,0.539246038692,0.220796266235,0.239957695074
id00206,0.900532160476,0.0530660971972,0.0464017423267
id22285,0.00122025740483,0.000275812436515,0.998503930159
id06417,0.0909778206196,0.586003806442,0.323018372939
id00215,0.182489000237,0.812618183796,0.0048928159669
id04201,0.517461208183,0.0268630849028,0.455675706914
id21771,0.98172609056,0.011323693542,0.00695021589775
id12451,0.0381788904989,0.327092208937,0.634728900564
id14250,0.116865910121,0.657635725396,0.225498364482
id03433,0.256078360477,0.653230554982,0.0906910845408
id03303,0.0467576749662,0.00231457977178,0.950927745262
id25901,0.218799752178,0.398314394314,0.382885853507
id06945,0.730809969804,0.0464330866184,0.222756943578
id05664,0.663752432218,0.271243988892,0.0650035788895
id05741,0.994865424416,0.000367173624646,0.00476740195907
id10652,0.848288714184,0.0997732011983,0.0519380846179
id16300,0.778018861614,0.136508459381,0.0854726790049
id12319,0.663442740741,0.111406491974,0.225150767285
id07500,0.161841275953,0.83326172979,0.00489699425753
id12478,0.393682253251,0.460619407895,0.145698338854
id03076,0.0265864067186,0.00234304525796,0.971070548023
id00969,0.607139539373,0.247538097114,0.145322363513
id23636,0.0214902242976,0.938226808381,0.0402829673216
id09791,0.0816567822393,0.139641726278,0.778701491483
id05680,0.0748136123401,0.629709485459,0.295476902201
id03672,0.0970860044385,0.609758077508,0.293155918053
id04286,0.0485799404363,0.658846178342,0.292573881222
id23883,0.081576739331,0.37692496903,0.541498291639
id11914,0.268169200056,0.0125372707674,0.719293529176
id20974,0.0646262056304,0.923598402865,0.0117753915046
id26125,0.146375726526,0.0558661562391,0.797758117235
id15543,0.153172281796,0.00802225846861,0.838805459735
id19471,0.998780758917,0.000805706726958,0.000413534355831
id11503,0.570478984213,0.246394221554,0.183126794233
id09321,0.0142378633234,0.878407200361,0.107354936316
id25560,0.00114266334346,0.00203923411951,0.996818102537
id06726,0.784703189583,0.0884874213459,0.126809389071
id05709,0.959828216399,0.00739712531974,0.0327746582816
id09788,0.0767859682058,0.657818768498,0.265395263296
id05289,0.999300011488,0.000539282442599,0.000160706068902
id11815,0.0101076779604,0.97768538796,0.0122069340793
id22422,0.878501284034,0.0414734136343,0.080025302332
id25954,0.88550004663,0.0300185142955,0.0844814390746
id13601,0.881721660931,0.0680631821916,0.0502151568773
id05677,0.84210707289,0.013585795542,0.144307131568
id10498,0.170019532099,0.824525545235,0.00545492266682
id02665,0.664926220805,0.277341539483,0.057732239712
id10114,0.433065854199,0.230878811856,0.336055333945
id26314,0.748771682418,0.21480424449,0.0364240730916
id21240,0.120474250783,0.0887312213176,0.790794527899
id15569,0.891306643987,0.0777479799757,0.0309453760377
id25928,0.0405164614768,0.288643571813,0.670839966711
id22706,0.0231521142864,0.976089922464,0.0007579632494
id20877,0.0161989437048,0.875198318278,0.108602738017
id04318,0.964955087095,0.00761888745186,0.0274260254535
id18299,0.249498094301,0.446481796954,0.304020108745
id08126,0.0314232967631,0.00127921906604,0.967297484171
id14293,0.428522770269,0.0185598741157,0.552917355616
id12759,0.98242542504,0.00145760040667,0.0161169745533
id11983,0.41380730944,0.172113121327,0.414079569233
id05580,0.0410329040123,0.884377184234,0.0745899117534
id25846,0.376859165074,0.282645949993,0.340494884933
id01939,0.863693863959,0.0429378381294,0.0933682979113
id26327,0.0389750033272,0.805040123001,0.155984873672
id11068,0.00266194978813,0.000590587216951,0.996747462995
id08404,0.966635968187,0.0072353771497,0.0261286546636
id27189,0.631578452043,0.360986501856,0.00743504610042
id15119,0.0575387960749,0.849925710048,0.0925354938767
id26525,0.987960671248,0.00129704811645,0.0107422806355
id03618,0.955409781033,0.0307834319494,0.0138067870175
id27220,0.991336153774,0.00502168908363,0.00364215714204
id18777,0.00627066351492,0.000956602565089,0.99277273392
id20213,0.889950988439,0.0417592475146,0.0682897640466
id20403,0.967795689125,0.0257944810115,0.00640982986334
id03777,0.180208670511,0.0821848661122,0.737606463377
id10595,0.228194092233,0.7092736025,0.0625323052676
id13816,0.504064695597,0.0225555775863,0.473379726817
id05667,0.0131033275341,0.00249756059872,0.984399111867
id24629,0.700772179683,0.0390886169474,0.260139203369
id20398,0.258385991015,0.0884955266875,0.653118482298
id14108,0.00154500786945,0.000487505119713,0.997967487011
id06196,0.00529061593241,0.993670126598,0.00103925746914
id02800,0.454473884719,0.506575105947,0.0389510093346
id18732,0.00132892338483,0.996121669992,0.00254940662331
id11915,0.262187433192,0.386341887847,0.351470678961
id09739,0.951111141641,0.0185108584861,0.0303779998726
id24672,0.992817997634,0.00308062407519,0.00410137829053
id00414,0.00130333586764,0.00213520741485,0.996561456718
id16307,0.976058157671,0.0127451648322,0.0111966774969
id14043,0.198768430887,0.0133689507515,0.787862618361
id00517,0.000778487066008,2.75930928477e-05,0.999193919841
id09744,0.984755724502,0.0115413009583,0.00370297454008
id19257,0.814870707316,0.0428181492754,0.142311143409
id15437,0.622132403577,0.316791296209,0.0610763002143
id16352,0.0169753021689,0.0202074753658,0.962817222465
id18849,0.706601272927,0.0845101650822,0.20888856199
id19434,0.000451016264045,0.999327110315,0.000221873420513
id17928,0.0890982621733,0.0877741415866,0.82312759624
id16896,0.0236450121147,0.0024931948469,0.973861793038
id02135,0.249236421992,0.322476740157,0.428286837851
id15075,0.984035095136,0.00351068902287,0.0124542158416
id27486,0.00526146376161,0.991519385262,0.00321915097664
id19422,0.923409251459,0.0700196991457,0.00657104939524
id09603,0.107212693114,0.728143701122,0.164643605764
id02133,0.0840885346818,0.841796943249,0.0741145220688
id03441,0.577895823509,0.0557808691643,0.366323307327
id02398,0.0133705870963,0.984701986869,0.00192742603438
id05152,0.344671594147,0.00679712834371,0.648531277509
id17838,0.0673040679644,0.00469105245495,0.928004879581
id25060,0.996729367281,0.00315438671999,0.000116245999338
id09998,0.0554417010783,0.0428538948225,0.901704404099
id01828,0.119909444683,0.867105075334,0.0129854799829
id25377,0.445585604908,0.0320933351836,0.522321059908
id22175,0.394896639293,0.590679778362,0.0144235823457
id02974,0.0108419052694,0.00925141779941,0.979906676931
id26955,0.987255338489,0.0112925402422,0.00145212126895
id21091,0.869013210969,0.0282962888481,0.102690500183
id12802,0.594156778208,0.392259869941,0.0135833518513
id07432,0.000837589952133,0.994886326325,0.00427608372243
id18749,0.0589504148166,0.883891457163,0.0571581280209
id15030,0.00349343503887,0.00651888586591,0.989987679095
id17155,0.0494780902022,0.945813681968,0.00470822783
id08128,0.0630367044202,0.910425149164,0.0265381464162
id25706,0.0233281561656,0.924490321589,0.0521815222453
id15645,0.967346569328,0.0303871629567,0.00226626771511
id04943,0.70864254783,0.0771229857821,0.214234466388
id27566,0.0200042913283,0.0103384331895,0.969657275482
id11765,0.273950000654,0.163771224473,0.562278774874
id13783,0.485525497507,0.40145793425,0.113016568243
id00492,0.0025063161262,0.0011526269774,0.996341056896
id27636,0.0682142610285,0.053712563782,0.878073175189
id04273,0.845151771665,0.0876175439023,0.0672306844332
id02537,0.166914815457,0.0566902263862,0.776394958157
id24349,0.853646326571,0.140796015767,0.00555765766195
id00023,0.00074281232082,0.994956314314,0.00430087336501
id23025,0.303554265926,0.655806985892,0.0406387481826
id08722,0.937353045429,0.00345225430641,0.059194700265
id02420,0.999369656281,0.000491665876061,0.000138677842903
id10811,0.988391281892,0.00489732710044,0.00671139100753
id04019,0.0233399856564,0.0151384475693,0.961521566774
id18334,0.942408263093,0.0475055425853,0.0100861943218
id16781,0.326927887978,0.642585169345,0.030486942677
id08773,0.802686633902,0.188308189696,0.00900517640166
id19214,0.952773492702,0.0169376839859,0.0302888233116
id09589,0.0109872538849,0.957151751851,0.0318609942641
id24246,0.838220144133,0.062214397681,0.0995654581855
id23577,0.778444453413,0.215654278625,0.00590126796275
id09305,0.694795774677,0.0393221074749,0.265882117848
id16460,0.0597280045113,0.0190356927973,0.921236302691
id21115,0.491859587724,0.175030524953,0.333109887324
id25996,0.754608055448,0.0307474291653,0.214644515387
id02551,0.0054227326707,0.0049300176313,0.989647249698
id19352,0.0183736377549,3.25829815295e-05,0.981593779264
id03806,0.0800571313274,0.0267312789974,0.893211589675
id26544,0.979300836723,0.00384082402144,0.0168583392551
id18761,0.800662821386,0.151992787637,0.0473443909774
id24148,0.132047948273,0.859645713591,0.00830633813621
id16095,0.0433713436195,0.900138469193,0.0564901871876
id18442,0.790744506813,0.0672939651096,0.141961528078
id22596,0.000237276648558,3.52285603948e-05,0.999727494791
id23002,0.021180223823,0.00335167431791,0.975468101859
id04797,0.993315783583,0.00270895948288,0.00397525693422
id06610,0.0516673187251,0.00955638966086,0.938776291614
id16173,0.349198513374,0.605173332555,0.0456281540709
id18292,0.0766550372848,0.0115951076545,0.911749855061
id27328,0.976363914954,0.00370129917479,0.0199347858708
id01695,0.0257615989744,0.953428318389,0.0208100826366
id05761,0.132816703759,0.00142293300049,0.86576036324
id16354,0.888199507636,0.00741822209582,0.104382270269
id12207,0.0256692259534,0.422191928913,0.552138845134
id05665,0.136491390738,0.0242221848236,0.839286424439
id01911,0.939201280662,0.0566613304251,0.00413738891312
id19153,0.164869836041,0.0166011867109,0.818528977248
id10295,0.346312593467,0.459764873511,0.193922533022
id23038,0.439475011657,0.47272229852,0.0878026898232
id23783,0.284397673568,0.71032877727,0.00527354916228
id27879,0.900601430678,0.0809509622214,0.0184476071002
id19190,0.000643295383211,0.999340930606,1.57740109526e-05
id05065,0.979914007923,0.013238861578,0.00684713049919
id21296,0.0586488790477,0.886510525219,0.0548405957329
id13262,0.14332310211,0.267423228289,0.589253669601
id10333,0.932501167091,0.0206356973624,0.0468631355468
id16677,0.329357339801,0.283028412915,0.387614247284
id01392,0.38696061218,0.00726201386648,0.605777373953
id27874,0.887742943991,0.0590271003492,0.0532299556594
id02294,0.000317393118781,0.989139419691,0.0105431871906
id18298,0.0198849581351,0.0535043641207,0.926610677744
id06997,0.980958843388,0.0172621836698,0.00177897294244
id05243,0.122936984395,0.416563301056,0.460499714548
id00860,0.409414189523,0.37090209494,0.219683715537
id26681,0.991716399909,0.00771292731059,0.000570672779978
id06020,0.0151945617014,0.000183114621499,0.984622323677
id27683,0.951027603571,0.0237102145443,0.0252621818852
id17655,0.0555646598634,0.936921258073,0.00751408206331
id08817,0.0269543230959,0.0651140210773,0.907931655827
id11512,0.00545791003357,0.00988857168438,0.984653518282
id00478,0.0562658704163,0.0119756876422,0.931758441942
id02116,0.887171612373,0.0695028601994,0.0433255274271
id06746,0.922284152307,0.0710271343005,0.00668871339288
id03863,0.170878305614,0.803718208977,0.0254034854093
id01802,0.141108831416,0.591044586539,0.267846582044
id11682,0.798587980336,0.0168447761886,0.184567243475
id04033,0.0290886080844,0.932234455294,0.0386769366215
id09286,0.238703971673,0.284279050256,0.477016978072
id12904,0.998010598671,0.00190035186371,8.90494655955e-05
id07420,0.00897564857417,0.0080837468091,0.982940604617
id22398,0.00197285658509,0.990789848766,0.00723729464889
id00424,0.274439335785,0.0469595187453,0.678601145469
id20960,0.973492329681,0.0213925294756,0.00511514084341
id10267,0.330803667212,0.273627711989,0.3955686208
id19330,0.494917302255,0.0097057803967,0.495376917348
id00994,0.0014176006454,0.994799636075,0.00378276327955
id10785,0.893703816784,0.0413721018479,0.0649240813684
id00955,0.0210157252423,0.968858412191,0.0101258625667
id09757,0.0814533381089,0.903382680947,0.0151639809442
id10030,0.0572597479144,0.421181723098,0.521558528988
id22952,0.177850531869,0.392029090634,0.430120377497
id21955,0.000614910264725,0.00383523310015,0.995549856635
id07674,0.675525711851,0.0738819815506,0.250592306598
id13760,0.0254095260342,0.970812334033,0.00377813993311
id18166,0.929538208004,0.0351485062472,0.0353132857486
id23498,0.979413087076,0.0182804559572,0.00230645696627
id05296,0.992242018065,0.000459854147886,0.00729812778669
id26709,0.971958476264,0.0144013091576,0.013640214578
id02853,0.991269598736,0.00675207755219,0.00197832371134
id06800,0.179453039007,0.260456011721,0.560090949272
id14758,0.611315083472,0.351645789087,0.0370391274407
id12356,0.991880537639,0.00407010400778,0.00404935835336
id21492,0.965654120601,0.0225852881915,0.011760591207
id27540,0.690983415245,0.00305845487614,0.305958129878
id07376,0.235433595971,0.0856661725985,0.67890023143
id15201,0.40019228953,0.495416502324,0.104391208146
id23388,0.0130440192274,0.933660669326,0.053295311447
id13923,0.277016970984,0.647176573652,0.0758064553632
id00794,0.00954686144746,0.976517333438,0.013935805115
id23910,0.0725574722077,0.099766617847,0.827675909945
id02556,0.0283043873737,0.0402086733732,0.931486939253
id22151,0.0898492282395,0.908310657181,0.00184011457909
id11698,0.00756455899152,0.970935378747,0.0215000622619
id11627,0.636332460563,0.0354847429132,0.328182796523
id06340,0.999743143423,0.000197767447598,5.90891295795e-05
id05123,0.876045340682,0.0351122939497,0.0888423653683
id26620,0.0363747829117,0.0057650015763,0.957860215512
id04002,0.0955237205584,0.110460955728,0.794015323714
id26554,0.306945354954,0.246764586717,0.446290058329
id18012,0.599703692206,0.0706533500602,0.329642957734
id12964,0.0877358966367,0.0129019880041,0.899362115359
id18965,0.0344949896292,0.798748900148,0.166756110223
id19082,0.0938042450359,0.0276639058101,0.878531849154
id26742,0.0594489752098,0.00245705846189,0.938093966328
id15442,0.0620469479769,0.878038923169,0.0599141288536
id16647,0.554506338167,0.175470403867,0.270023257966
id11544,0.15209506733,0.0467483434381,0.801156589232
id20581,0.088939123678,0.0119926706737,0.899068205648
id13192,0.302532415589,0.58867218056,0.108795403851
id15814,0.0746361692273,0.0419154543087,0.883448376464
id26279,0.0819348556122,0.911564268284,0.00650087610365
id00240,0.963395542082,0.020296189801,0.0163082681169
id22836,0.994603089701,0.000892295132924,0.00450461516639
id15085,0.0576379100706,0.397079178958,0.545282910971
id17495,0.355753562635,0.00235628292661,0.641890154438
id26762,0.614867851275,0.0208148086836,0.364317340041
id13685,0.999543998333,2.00552234935e-05,0.000435946443402
id16560,0.00532004860934,0.991377867113,0.00330208427722
id17184,0.0162806929852,0.975423520785,0.0082957862293
id21635,0.983585458627,0.00546234123677,0.0109522001362
id26751,0.410070895488,0.238640147428,0.351288957083
id12351,0.957119909493,0.0130852592174,0.0297948312894
id14872,0.184989577276,0.677577643076,0.137432779647
id18372,0.9145637322,0.0536608090636,0.0317754587369
id26851,0.927311335928,0.0558029520325,0.0168857120399
id22659,0.640081042212,0.355775622957,0.00414333483108
id04102,0.0189810872643,0.00103798224184,0.979980930494
id02353,0.0630548140961,0.91005934848,0.0268858374241
id26721,0.983445057624,0.0148267326422,0.00172820973352
id11171,0.789773415504,0.0373100790451,0.172916505451
id13562,0.486668953764,0.493168465088,0.0201625811478
id26425,0.468413481713,0.108600253833,0.422986264454
id26394,0.249107968553,0.0826739611362,0.668218070311
id22187,0.474687470787,0.435024647353,0.0902878818601
id00422,0.993769738612,0.00360064141828,0.00262961996929
id22667,0.0103997629399,0.989305726172,0.000294510888372
id00911,0.910521523041,0.00744437359186,0.0820341033671
id17291,0.318955010396,0.00966418255792,0.671380807046
id01915,0.0622197359885,0.068646925281,0.86913333873
id01434,0.129650720971,0.0554722377412,0.814877041288
id01584,0.844853013025,0.00507120855024,0.150075778425
id09266,0.957522478194,0.017683967605,0.0247935542015
id17494,0.00200192590402,0.995502504871,0.00249556922461
id24919,0.0987506697539,0.242140116027,0.65910921422
id21043,0.111459987344,0.00385220188987,0.884687810766
id17796,0.0205426233157,0.978921382185,0.000535994499271
id02166,0.6235563408,0.0468442506997,0.3295994085
id17503,0.624737321541,0.0110836745506,0.364179003909
id21203,0.218199997471,0.14507328949,0.636726713039
id25626,0.995146315427,0.00115634101665,0.00369734355625
id09836,0.995574272972,0.000943341079104,0.00348238594855
id24202,0.0113217258178,0.0277214976617,0.960956776521
id27260,0.709043490406,0.0546726562612,0.236283853333
id23167,0.011277777265,0.00400908860601,0.984713134129
id10393,0.00934515166166,0.98557489934,0.00507994899859
id01171,0.942555762851,0.049545844026,0.00789839312327
id06380,0.920537068958,0.0279783610794,0.0514845699625
id22686,0.106657548258,0.00530950505983,0.888032946683
id26250,0.114674412771,0.0180576828605,0.867267904369
id09315,0.39873845886,0.409837589863,0.191423951276
id00886,0.0416247873719,0.790232378624,0.168142834004
id03101,0.843405077184,0.0140706043599,0.142524318456
id12367,0.666513913562,0.061484819625,0.272001266813
id10770,0.914060754261,0.00735974675047,0.0785794989888
id14949,0.00715665583108,0.991096455329,0.00174688883961
id14141,0.240789405719,0.749432241922,0.00977835235896
id25417,0.539718771706,0.361243102597,0.0990381256973
id26873,0.869844429192,0.0671731582546,0.0629824125533
id10818,0.520858897138,0.0226839947699,0.456457108092
id15146,0.786610073841,0.0117311091121,0.201658817047
id23328,0.907012656666,0.0506564392546,0.0423309040797
id16765,0.27813430677,0.10602229901,0.61584339422
id24383,0.987682344382,0.00223868479708,0.0100789708208
id21304,0.926646410408,0.0534603715988,0.0198932179937
id12551,0.0241590684761,0.964253899082,0.0115870324417
id23274,0.0874788028625,0.127343185317,0.78517801182
id08117,0.852703439467,0.0662193584999,0.0810772020335
id23961,0.98133690348,0.0056270606201,0.0130360359003
id13865,0.0169696271588,0.979766523564,0.00326384927758
id22807,0.139393555396,0.0345430629178,0.826063381686
id08951,0.0563916658036,0.0621246883849,0.881483645812
id18684,0.993013407913,0.00503493760781,0.00195165447894
id25179,0.21169407632,0.606536400763,0.181769522917
id27033,0.932199641421,0.00273708773851,0.06506327084
id13977,0.0819159644418,0.881634877134,0.0364491584247
id19337,0.00945126355092,0.922738872568,0.0678098638807
id25764,0.00515100014452,0.993055733819,0.00179326603653
id16106,0.439968960975,0.055666777112,0.504364261913
id05468,0.0299044113799,0.00578625102249,0.964309337598
id05241,0.923397020511,0.00648987047628,0.0701131090129
id10215,0.629322292849,0.165850881095,0.204826826056
id23457,0.003910202117,0.0370678256454,0.959021972238
id02200,0.988691787486,0.00884899956107,0.00245921295261
id13714,0.0102984008261,0.982594986159,0.00710661301458
id20332,0.00437998495013,0.00149550359585,0.994124511454
id18573,0.198238826297,0.13804838219,0.663712791513
id08569,0.998420952976,0.000202434508439,0.00137661251605
id22767,0.681975233337,0.193376713026,0.124648053637
id25390,0.197339494614,0.481127879579,0.321532625807
id09288,0.952919711117,0.00584808977758,0.0412321991051
id12381,0.992393322352,0.00696087053827,0.000645807110059
id02895,0.0648394966651,0.00387661510822,0.931283888227
id25270,0.00543652084824,0.000627759394457,0.993935719757
id14248,0.287004999276,0.0545471068029,0.658447893921
id12831,0.764046140377,0.0100714783085,0.225882381315
id18305,0.768360593846,0.0087830766576,0.222856329496
id07805,0.982923284863,0.00836204319078,0.00871467194642
id14027,0.189763768371,0.219983215357,0.590253016272
id02760,0.462525335154,0.106646684704,0.430827980142
id24362,0.920812939663,0.0491488878474,0.0300381724893
id17065,0.0399985039103,0.954608138965,0.00539335712463
id26583,0.0180051069024,0.908075752277,0.0739191408205
id19664,0.998556080951,0.000834908644498,0.000609010404297
id25145,0.92492382274,0.0446282455398,0.0304479317206
id17858,0.0964177876406,0.892366382255,0.0112158301046
id05148,0.13750458416,0.429581372227,0.432914043614
id22928,0.723070656772,0.192023893491,0.0849054497369
id21549,0.373606923111,0.00551633084994,0.620876746039
id12649,0.36696202454,0.618232152147,0.0148058233137
id21597,0.989618980888,0.00438877406039,0.00599224505119
id27945,0.949767376161,0.0205331773619,0.0296994464772
id00243,0.990406026602,0.00172875741633,0.00786521598146
id02745,0.734658434441,0.0904154555218,0.174926110037
id23550,0.00952113761717,0.0074601560742,0.983018706309
id13023,0.209063257306,0.00186901405055,0.789067728644
id24796,0.0576585642312,0.0165368424159,0.925804593353
id12284,0.0489390470804,0.930292268574,0.0207686843456
id02664,0.000412882769339,0.988766573987,0.0108205432433
id23767,0.957564714847,0.028173669137,0.0142616160157
id05859,0.0169828940942,0.854239074919,0.128778030987
id14350,0.661518632417,0.260927713218,0.0775536543653
id01191,0.282038508041,0.463767628579,0.25419386338
id17034,0.139290525996,0.0998078801548,0.760901593849
id25292,0.957126804128,0.0362490259677,0.00662416990423
id22121,0.985261077749,0.00377008179423,0.0109688404568
id20872,0.999572782547,0.000183510195301,0.000243707257368
id17720,0.00529605725058,0.991971625211,0.00273231753806
id22658,0.195746725954,0.788372973626,0.01588030042
id09567,0.767083869205,0.185039726024,0.0478764047715
id16445,0.965869382395,0.00978734314791,0.0243432744566
id08349,0.0560916086581,0.0775008257233,0.866407565619
id27437,0.149948111155,0.159296360282,0.690755528563
id03812,0.970441653635,0.0118327456843,0.0177256006811
id22304,0.577653278422,0.286136909409,0.136209812169
id04449,0.0954667714678,0.874492537013,0.0300406915195
id15605,0.22494063637,0.125707792893,0.649351570737
id01768,0.791828741945,0.0736537270469,0.134517531008
id20019,0.528421504515,0.307277435061,0.164301060425
id09593,0.0159771993575,0.87273864735,0.111284153292
id23179,0.789630139294,0.040473393852,0.169896466854
id21279,0.811409086984,0.0222403641904,0.166350548826
id06711,0.0669246550779,0.00455825547127,0.928517089451
id14243,0.00750673641191,0.976367931285,0.0161253323029
id04839,0.00222119757729,0.00113929970524,0.996639502717
id17220,0.0139614480516,0.94817599232,0.0378625596287
id24177,0.570251160688,0.316677395324,0.113071443987
id20512,0.503863971647,0.0220521112607,0.474083917092
id14036,0.00259868792261,0.997165700437,0.000235611640015
id25001,0.0504417102173,0.0190987774487,0.930459512334
id06175,0.00305597426715,0.994991366195,0.00195265953751
id24720,0.119512565707,0.819908201889,0.0605792324046
id08070,0.69842243814,0.237167339007,0.0644102228529
id18934,0.984808504927,0.0112179853325,0.00397350974088
id01338,0.990457784044,0.00481853681085,0.00472367914489
id19008,0.0195161110585,0.959049473783,0.0214344151581
id19632,0.174802281198,0.542948879389,0.282248839413
id26224,0.00240594520096,0.00304921992378,0.994544834875
id08219,0.973521883494,0.00479489848454,0.0216832180211
id24008,0.00587202525859,0.000227658207037,0.993900316534
id12475,0.262088953409,0.639006498573,0.0989045480182
id05766,0.239911232091,0.330994170123,0.429094597786
id27386,0.00720584653783,0.991398692559,0.00139546090329
id12476,0.00463303331381,0.993905223393,0.00146174329322
id08311,0.949570067764,0.0251750519281,0.0252548803081
id04996,0.775750315107,0.22041610952,0.00383357537315
id17350,0.649568443417,0.124889811892,0.225541744691
id05546,0.0323029987991,0.957435222347,0.0102617788539
id16504,0.489128146731,0.454260045663,0.0566118076062
id05782,2.89967578134e-05,0.000420720602173,0.99955028264
id20560,0.756651989738,0.157940473337,0.085407536925
id14171,0.027373457095,0.0800512959531,0.892575246952
id27461,0.797653474583,0.0215628442922,0.180783681124
id03581,0.115326512066,0.0466289083392,0.838044579595
id21847,0.176053651718,0.0468216069826,0.777124741299
id11712,0.643159089386,0.190128196185,0.166712714429
id26738,0.0134526566153,0.0197720033658,0.966775340019
id13668,0.988091526287,0.00909075913903,0.00281771457407
id15114,0.975588450509,0.00147839278672,0.0229331567047
id20130,0.112949365813,0.164222172396,0.72282846179
id18331,0.763203778259,0.0711036703955,0.165692551345
id24465,0.994592213183,0.00394972345243,0.00145806336502
id13539,0.699432167394,0.27170858407,0.0288592485356
id27564,0.00498740682823,0.982884300912,0.0121282922594
id26043,0.429798166821,0.00835683654828,0.561844996631
id04965,5.8302798431e-05,0.000605460681734,0.99933623652
id08645,0.0090146124543,0.0086754971557,0.98230989039
id26610,0.642932369304,0.0516848773528,0.305382753343
id21737,0.517590861579,0.462640608367,0.0197685300535
id25784,0.00132488377729,0.990079670489,0.00859544573362
id23030,0.954013197411,0.0113023887216,0.0346844138673
id16450,0.0457800816355,0.932424247966,0.021795670399
id02161,0.377040150281,0.0239195935621,0.599040256157
id25535,0.994432293103,0.00159781938046,0.00396988751683
id16566,0.867650829961,0.0143689039127,0.117980266126
id05714,0.989096660087,0.00656637669285,0.00433696321993
id16524,0.501659678229,0.369259379458,0.129080942312
id23941,0.0189392529607,0.973510004883,0.00755074215629
id00831,0.0161403971384,0.0867722512116,0.89708735165
id18145,0.310828231405,0.258635739689,0.430536028906
id17227,0.999547921233,0.000143010236753,0.000309068530077
id09417,0.873597976432,0.0545634504883,0.07183857308
id21307,0.835016078734,0.0930479971213,0.0719359241444
id05650,0.00211150757461,0.99669543016,0.00119306226569
id23901,0.915449106367,0.0354555858965,0.0490953077362
id05831,0.989962120116,0.00069196712237,0.00934591276162
id16708,0.548576261943,0.331063754571,0.120359983486
id02281,0.0162635045015,0.110162700735,0.873573794763
id11599,0.137460861905,0.124389822376,0.738149315718
id18353,0.108043882922,0.793548644571,0.0984074725074
id07413,0.397627269982,0.547411602211,0.0549611278076
id15653,0.012236874289,0.98382299994,0.00394012577071
id09715,0.0142083025779,0.000466389080686,0.985325308341
id05108,0.557036212968,0.410664783878,0.032299003154
id09537,0.683810723519,0.0281158010239,0.288073475457
id27596,0.860711522815,0.131488615094,0.00779986209072
id24255,0.215269939815,0.00106311297681,0.783666947208
id05080,0.000858920647385,0.00038717660822,0.998753902744
id09484,0.975074749651,0.00439558969328,0.0205296606554
id14864,0.0383148294288,0.00187590474562,0.959809265826
